stick:0.0625:0.5
stone:0.02225:1
log/logs:0.1875:40
leaf:0.0000225:0.0003